"region","name","alpha_D","alpha_death_hosp","alpha_H","beta1","beta10","beta11","beta12","beta13","beta14","beta15","beta16","beta17","beta18","beta19","beta2","beta20","beta21","beta22","beta23","beta24","beta25","beta26","beta27","beta3","beta4","beta5","beta6","beta7","beta8","beta9","eps","m_CHR","m_CHW","mu_D","mu_D_2","mu_gamma_H","mu_gamma_H_2","mu_gamma_H_3","mu_gamma_H_4","p_G_D","p_G_D_CHR","p_H","p_H_2","p_H_3","p_H_D","p_ICU","p_ICU_2","p_ICU_D","p_NC","p_NC_weekend","p_W_D","rel_p_D_delta","rel_p_H_delta","rel_p_ICU_delta","rho_pillar2_tests","seed_date_delta","start_date","ta_delta"
"east_of_england","alpha_D",0.0138729010885015,0.00227173116442059,-0.000299371147577282,-0.000187937722582262,0.000150593825297858,-0.000241583853272738,-3.23793411925678e-05,9.28585859732749e-06,0.000233051695968891,-0.000382015876520029,4.12375225344782e-05,-2.7490989071001e-05,9.12342484582347e-05,-0.000151778616718478,-0.000292172700508555,0.000222104634633546,-0.000356387335561223,0.000572139740882827,-0.000645090753231886,0.000148011478110043,-0.000175023414762404,0.00020502807109671,-0.000424003765140821,6.02883335595309e-05,-4.9617992658201e-05,5.26876672224684e-05,-6.68380948735349e-05,9.11158739283294e-05,-7.62038607450947e-05,-0.000186229610546574,-0.014452787781117,1.98693281403791e-08,4.31880537600629e-09,0.00346767842973161,0.00110857111287239,-0.00203849739646387,-0.000556960909978065,-0.00200223121235542,-0.00098240086213251,0.000565748281640565,-0.00287554164788335,0.000314722012642554,0.00565554762823685,-0.000182339963303882,-0.00285847411145061,0.000841606570576267,-9.5370157521471e-05,-0.00277511088483386,-1.71275240396518e-07,5.15881091229854e-06,0.00549599597574689,0.00386320166913932,0.00447601555995702,0.0095113654852365,-6.67852294937382e-06,0.0437376458399677,-0.118952102307953,-0.000182076321896077
"east_of_england","alpha_death_hosp",0.00227173116442059,0.00198141390520911,-8.4290156183513e-05,1.42586809214623e-05,7.02224573251992e-05,-5.69610658041367e-05,-1.84777537647921e-05,1.53285628556044e-05,6.35597320609485e-06,2.02757020585319e-05,-9.60531864978745e-06,2.44161099466736e-05,-4.14951887714669e-05,9.29686938271549e-06,-0.00026205080179901,3.50438106061625e-05,-8.37639595542293e-05,-6.45928748490463e-05,7.21265483026523e-05,-2.97013514166602e-06,-7.49840550618313e-05,0.000121568056675493,-0.00044531895183049,3.78946855975293e-05,-2.10093540251832e-05,5.91229566415796e-05,-6.11221403622e-05,3.72519572255447e-05,6.74548432360922e-05,-0.000158879633829837,-0.00465701969392999,1.16463035102134e-08,-1.42440659454737e-09,0.0010636818251129,0.000786784418336553,-0.0025945820614757,7.78526847208843e-05,-0.00107000957603325,-0.000768915395853531,4.61028035267782e-05,0.000559039291606153,-0.000399344504571925,0.00233305422046982,-3.2295510144897e-05,-0.000695256757742703,0.00029495224795849,5.05357989371398e-05,-0.00176960040141903,-5.35484270185709e-06,-1.28220587223963e-06,0.00524092114291857,0.00788818564937555,0.00182320851636619,-0.00236726287736044,1.50804629267996e-05,0.0254265874662066,-0.0116082098297295,0.00012133280743654
"east_of_england","alpha_H",-0.000299371147577282,-8.4290156183513e-05,1.5541743482246e-05,6.91006342810116e-06,-7.06796809492866e-08,6.78976882751787e-06,-2.61497235250783e-06,2.09748837610613e-06,-8.75106500440566e-06,5.92253455124022e-06,-8.20246182250416e-07,-1.77315056431709e-07,-1.27416759648948e-06,-1.32896211738592e-06,1.36547084084969e-05,-4.84492433090598e-06,1.15037105428164e-05,-8.92524179277852e-06,1.24463270964135e-05,-6.33870133047242e-06,9.00290209371176e-06,-1.79804438290548e-05,4.42698850714795e-05,-2.65734578093413e-06,2.1361146206375e-06,-3.54127526555713e-06,1.13057746579026e-06,-4.25241548415436e-06,7.96112279895598e-06,-2.7986975140799e-06,0.000502290642240038,-2.41666786863905e-09,-5.92923412918223e-11,-4.94056698432836e-05,0.000141089813124277,0.000242481164461113,1.75741096217168e-05,0.000111035065212064,7.72864817266978e-05,-1.79048405658959e-05,0.000100903097371818,1.9528674025962e-05,-0.000231949967223585,-9.86664233051491e-06,-2.26209611832678e-05,-1.27274422402129e-05,1.38178918299217e-05,0.000206458257341449,1.13561433763378e-08,-2.11213701967004e-07,-0.0002595167080284,2.50203987735194e-06,-5.2029797478576e-05,-0.000279687545973113,-7.03077830142153e-07,-0.00305806263287293,0.00549024421282992,-3.03637715987552e-05
"east_of_england","beta1",-0.000187937722582262,1.42586809214623e-05,6.91006342810116e-06,2.3460315807911e-05,6.34583750209837e-06,4.24108181596443e-06,-8.12958518676615e-06,8.26883684301771e-06,-8.85906320648464e-06,9.61268155210631e-06,-8.65126362313703e-07,2.84165323748272e-06,-4.24136374014696e-06,1.58852602955201e-06,-2.08957522122644e-05,-6.36589546614914e-06,7.94261042903667e-06,-6.44206116278181e-06,1.03083664573805e-05,-5.73935559785636e-06,3.1804788669971e-06,-1.74798145348796e-07,-5.01381861094417e-05,2.25241535392363e-07,3.39945938228499e-06,-1.56763246719591e-06,-3.8840144126842e-06,2.83484656132661e-06,1.42129039847274e-05,-1.82705650487501e-05,-0.000147991930173914,-1.28165417999184e-09,-5.17764296477331e-10,0.000121157742674282,0.000134000853797491,-2.95707190601477e-05,-3.76874452059568e-05,4.94544570698175e-05,-2.50657461570557e-05,-1.08910548427409e-05,0.000185193605204272,-4.0207542446756e-05,-4.05259609184139e-05,-1.02445547004738e-05,-0.000154366197324746,-2.22624176858901e-05,5.0054074381212e-06,8.64298770776936e-05,1.33736990441534e-07,-1.74851428372788e-07,-0.000105062185548236,0.000363256263785287,2.10233264359769e-05,-0.000426123334769929,-3.3612300372161e-07,0.0017944836226346,0.0125433006327803,3.96293435928433e-05
"east_of_england","beta10",0.000150593825297858,7.02224573251992e-05,-7.06796809492866e-08,6.34583750209837e-06,2.25096618364925e-05,-2.02141399634159e-05,-4.98656489468299e-07,9.05378323317931e-07,3.1117108197002e-06,-1.05444503953239e-05,1.10605465735596e-06,4.71507407124604e-07,2.99579934654589e-06,-7.62342208316739e-06,1.08087419379107e-05,2.68806246423842e-07,4.71193411509803e-06,-1.02997002285239e-05,3.6402229330357e-06,-7.08128010457652e-06,2.76761396131607e-06,-1.05799377029109e-05,2.52832495369676e-05,-1.41541382017404e-06,1.0394767058236e-06,-1.08538795302463e-06,-5.91244567175514e-06,7.34473703863922e-06,4.2573179781792e-06,-2.75527825463768e-05,-0.000167221328197243,-1.05695311691006e-09,-4.12792931181699e-10,0.000185848573874175,0.000242094698627344,0.000213727091948798,-1.39229385308962e-05,-3.08815505982471e-05,2.91964152855955e-06,1.5700617045919e-05,6.47788288604249e-05,1.07664071375978e-06,1.25244330216354e-05,-4.56372891559593e-05,-0.000185007694830191,8.90514412912848e-06,9.9023417111713e-06,9.29944511427581e-05,5.73590203657152e-08,2.78811514817431e-08,0.000161048916428402,0.000453458080755485,0.000129320826892229,0.000266358757826914,2.81281334653925e-08,0.00467759691764093,0.00510651055268635,3.55123771544808e-05
"east_of_england","beta11",-0.000241583853272738,-5.69610658041367e-05,6.78976882751787e-06,4.24108181596443e-06,-2.02141399634159e-05,3.40647968428508e-05,-1.20394291518674e-05,9.6837641508112e-06,-1.60111536972292e-05,1.61478281340936e-05,-2.23284466948608e-06,1.30600884356015e-06,-6.66573780415427e-06,8.77091555171937e-06,-2.44946964512815e-05,-1.6344295451895e-06,-4.2401493107704e-08,1.14489796563541e-05,-3.6735015512455e-06,1.05276249926509e-05,-4.6324363872408e-06,1.14601983091794e-05,-6.19928911831996e-06,4.35621203399322e-06,-1.87271824177228e-06,3.07053630509866e-06,4.00130543588884e-06,-1.03311022888093e-05,1.2180043780649e-05,1.19802933607177e-05,0.000185934464951266,1.26114147426947e-09,-5.66319194520303e-10,-0.00017680332447916,-5.46852052144831e-05,-0.00015363956123687,-2.36231063495964e-05,0.00011097750770465,5.73569268633115e-05,-3.40659022986507e-05,9.52317204500034e-05,-8.34009114952341e-06,-9.43600666597419e-05,6.85636858024758e-05,9.01406282303469e-05,-2.83871952186312e-05,-2.1477139247753e-06,-0.000122945905915566,-4.29285760172128e-07,1.54209579226873e-08,-0.000128460304990677,-6.29037670604788e-05,-8.35996521143112e-05,-0.000624684933020954,2.48416088330254e-07,-0.00654634005478166,0.000635573697798821,-8.75511997527414e-05
"east_of_england","beta12",-3.23793411925678e-05,-1.84777537647921e-05,-2.61497235250783e-06,-8.12958518676615e-06,-4.98656489468299e-07,-1.20394291518674e-05,1.34756702593122e-05,-1.07442779466311e-05,8.73822086362515e-06,-1.92712352185542e-06,8.00476521614133e-07,-1.22380189933926e-06,2.79409650087936e-06,3.04498665000388e-07,2.03331586020601e-05,-4.45240476734989e-07,8.33357135187716e-07,-9.52667893149962e-06,7.5666142365485e-06,-3.58835694481639e-06,2.211781656435e-06,-2.77252877588345e-06,1.86835480802896e-05,-2.890456246593e-06,5.37407336080239e-07,-1.49757541861287e-06,2.06761797703816e-06,2.1996090667584e-06,-1.29524633878808e-05,1.16944186206824e-05,0.000136133831360051,-1.27513494643933e-10,5.62369724583013e-10,-4.26782271561853e-05,-0.000122119061556376,2.13525929206547e-05,4.51797007091848e-05,-5.16776550987854e-05,-2.10815827633104e-05,1.04210038302906e-05,-7.93439519014495e-05,3.48177153415348e-06,-1.44561147295901e-05,-1.74263852870494e-05,0.000113109362729211,-1.73366892814113e-07,-4.41018141575505e-06,2.90240140165759e-05,2.87509437338546e-07,2.87648454632024e-08,6.36505886511244e-06,-0.000269672837398463,-0.000106900174593586,0.000313541316937605,3.65388560257864e-07,0.0020777675923673,-0.00405770904197505,4.31229842305197e-05
"east_of_england","beta13",9.28585859732749e-06,1.53285628556044e-05,2.09748837610613e-06,8.26883684301771e-06,9.05378323317931e-07,9.6837641508112e-06,-1.07442779466311e-05,1.11262573304286e-05,-1.04747417997576e-05,2.33408010775249e-06,-1.73270588078192e-07,1.24485752685704e-06,-1.62039808025213e-06,1.02552414870548e-06,-1.6883010831736e-05,7.74188630302941e-07,-9.97854597691339e-07,1.14428139260978e-05,-7.79834493742031e-06,4.61932031768631e-06,-2.25696229391358e-06,2.05389477060332e-06,-5.13932807483632e-06,2.19204517379544e-06,2.00241757715699e-07,1.22748146367338e-06,-1.64509100010358e-06,-1.26839338817098e-06,1.20902937173781e-05,-1.09591195350558e-05,-0.000241046833958812,5.11149882306515e-10,-6.33748678195588e-10,5.83431682166257e-05,0.000127720002252104,-1.54588185239848e-05,-3.19292099127661e-05,4.05650039734389e-05,1.56161514711234e-05,-9.3374938692499e-06,0.000108186743415291,-1.20329736613382e-05,-1.83536726275226e-05,2.03710190056094e-05,-0.000120935756103976,-1.91159181808863e-05,8.7808972659467e-07,-4.83969577349308e-05,-1.01623206850246e-07,5.22327471634622e-08,-5.84245763091601e-06,0.000202510090529788,4.98590387757407e-05,-0.000212917467812186,-1.39372447035119e-07,-0.000901638818586705,0.003802375229307,-3.309602670057e-05
"east_of_england","beta14",0.000233051695968891,6.35597320609485e-06,-8.75106500440566e-06,-8.85906320648464e-06,3.1117108197002e-06,-1.60111536972292e-05,8.73822086362515e-06,-1.04747417997576e-05,2.21590445673284e-05,-1.65710522802525e-05,2.01535416557458e-06,-1.81715625372395e-06,5.19576962407244e-06,-5.82858864035106e-06,1.12948109039824e-05,4.26427510504419e-06,-6.34450027740441e-06,2.84364902200859e-06,-8.21386589459553e-06,-1.51270781352976e-06,-1.28235389710312e-06,3.16192653710484e-06,-2.22550914838492e-05,-2.34068350479996e-06,1.15659503938174e-06,-2.59232278736636e-06,-1.19641816057147e-07,6.14950460856913e-06,-1.54906110291719e-05,6.91439173623234e-06,-7.836484799971e-05,-3.96886578755643e-10,5.88713333134978e-10,8.00241866375829e-05,-0.000138210850721696,-6.9131163995478e-05,1.58370154285261e-06,-7.67297484738402e-05,-5.32600168301428e-05,2.66881913222115e-05,-0.00020308405008647,1.12065640665502e-05,0.000133536777808499,-4.06000790955652e-05,-5.74692641112483e-06,3.44171911645814e-05,-8.04966535023483e-06,5.06973862442235e-05,4.12039304424482e-07,-3.17378241684469e-08,-5.52929382784931e-05,-0.000359334700481319,5.12746924504379e-05,0.00053935755340489,-9.70898850966685e-07,0.0029662193636474,-0.00449357474523148,5.71442642619926e-05
"east_of_england","beta15",-0.000382015876520029,2.02757020585319e-05,5.92253455124022e-06,9.61268155210631e-06,-1.05444503953239e-05,1.61478281340936e-05,-1.92712352185542e-06,2.33408010775249e-06,-1.65710522802525e-05,3.13432670712175e-05,-4.61295988253682e-06,4.46483931738968e-06,-1.25257503833259e-05,1.22197402518391e-05,-3.15330667735067e-05,-8.5952692878227e-06,6.88038717979275e-06,-1.68945340792916e-05,2.65293632318691e-05,-4.93556053048747e-06,3.61738370467894e-06,1.02573750590511e-05,-8.25456559948975e-05,2.71899775036223e-06,-4.11901059901903e-08,3.16733993165819e-06,1.7936053728438e-06,-7.35206164074077e-06,1.11737412772821e-05,6.22126217577128e-06,9.64320501452931e-05,-1.293915025243e-09,7.07320798019556e-10,-0.000166013002770207,-0.000120108861208992,-0.00017869639614652,2.10868013679986e-05,2.7958213124232e-05,-5.2867843664698e-05,-2.86748149196631e-05,0.000164005673119433,-4.79479321294259e-05,-2.85287685825603e-07,3.5956478665499e-05,0.000185226236066521,-1.96597492920291e-05,5.04907710203546e-06,-5.64251193631491e-05,-5.39176875809335e-07,-2.98896573557015e-07,0.000100688758919718,0.00035630949358271,-0.000114690278807604,-0.000930812588400422,1.22742919063218e-06,-0.0035490795842019,0.00299527043228159,-1.08282098882406e-05
"east_of_england","beta16",4.12375225344782e-05,-9.60531864978745e-06,-8.20246182250416e-07,-8.65126362313703e-07,1.10605465735596e-06,-2.23284466948608e-06,8.00476521614133e-07,-1.73270588078192e-07,2.01535416557458e-06,-4.61295988253682e-06,1.13252409138274e-06,-1.06320281946811e-06,2.61834188644323e-06,-1.2519412318781e-06,6.49668128744781e-06,7.26071525719079e-07,-2.92456250335694e-07,2.3131939866259e-06,-3.96390826834846e-06,1.19278672902847e-06,-7.77474534314112e-07,-2.04668869911267e-06,1.84782972825048e-05,-6.74037503217073e-07,3.21816798557534e-07,-6.82613719107138e-07,-3.30855143602817e-07,1.65805459505094e-06,-2.27698954032307e-06,-2.58390864984508e-07,-2.44139007632728e-05,4.26108703292297e-10,-2.35910144884558e-10,3.375428456726e-05,1.7081116879359e-05,1.6738506582777e-05,-2.63684537962932e-06,3.8568581965311e-06,1.19405814699527e-05,4.99262546945092e-06,-2.2033706911075e-05,4.69404382709071e-06,-6.34799030237508e-06,-4.95510651708529e-06,-3.33562382838826e-05,-2.22849495727351e-06,-2.67646506219677e-06,5.31331973156026e-06,1.46276507680789e-07,5.55898744308316e-08,-3.69839823106851e-05,-9.26770921517869e-05,-7.09165236401966e-09,0.000181892087959956,-9.72768574457668e-08,0.00103403855679177,-0.000137138014266249,5.68472466669398e-06
"east_of_england","beta17",-2.7490989071001e-05,2.44161099466736e-05,-1.77315056431709e-07,2.84165323748272e-06,4.71507407124604e-07,1.30600884356015e-06,-1.22380189933926e-06,1.24485752685704e-06,-1.81715625372395e-06,4.46483931738968e-06,-1.06320281946811e-06,2.04193618324819e-06,-3.10286961443288e-06,1.30757211442303e-06,-1.02844511851104e-05,3.48210940218426e-07,-8.88950219659883e-07,1.40487206877255e-06,3.68093495454822e-06,-8.23988179848322e-07,5.57401877350106e-07,5.12380743478502e-06,-2.92166569032952e-05,8.26269809861807e-07,5.71504604735187e-07,3.61735226084524e-07,6.38691719354186e-08,-1.06526700263367e-06,4.39577344978652e-06,-2.6453677162046e-06,-6.87814487534709e-05,-1.01939502341034e-09,3.71979112601784e-10,-5.27896129146676e-06,-1.73172451527614e-05,-2.47053327676905e-05,-1.06409323848852e-05,-1.81615083096306e-05,-2.6535219514191e-05,-3.87814742476068e-06,4.74182934801425e-05,-1.64748720862089e-05,2.08368035354638e-05,3.40521189262134e-06,1.0311675539481e-05,-5.57619606456899e-06,1.89629579503525e-06,-9.00508855838776e-06,-1.06714811629781e-07,-4.55936150746551e-08,5.15420453148485e-05,0.000131309556947224,9.12807542908515e-06,-0.000178901116570794,-2.70947438026732e-08,-0.000727597428308881,0.000850373578173198,-4.190644311088e-06
"east_of_england","beta18",9.12342484582347e-05,-4.14951887714669e-05,-1.27416759648948e-06,-4.24136374014696e-06,2.99579934654589e-06,-6.66573780415427e-06,2.79409650087936e-06,-1.62039808025213e-06,5.19576962407244e-06,-1.25257503833259e-05,2.61834188644323e-06,-3.10286961443288e-06,1.28824597073354e-05,-8.94681365152224e-06,4.1338230673412e-05,4.22670767274762e-06,3.29535270726032e-08,1.58184215541086e-06,-5.8879082960255e-06,-5.24933329330769e-07,3.28146491635693e-06,-1.45545924158526e-05,7.04180404597463e-05,-4.60111769106583e-06,1.98908507976855e-06,-3.93718382854802e-06,-1.76592073293646e-07,4.22688396353576e-06,-1.03728821746943e-05,3.90860225223304e-06,0.000191828104081855,-3.47186674500604e-10,2.17076200331938e-11,8.04978738763385e-05,7.37222206523884e-05,9.50578268025779e-05,7.80287298231543e-06,-2.46917100162809e-05,2.89480775860063e-05,1.48305548496811e-05,-3.94218080530254e-05,1.8634854413714e-05,-0.000120765866593701,-6.09566755325824e-07,-8.11027037768952e-05,9.92967868163082e-06,-2.90297375956522e-06,9.08879131649493e-05,6.85117084079507e-07,2.651241396726e-07,-0.000108410140125056,-0.000255356732308705,-8.14209469569198e-06,0.000567781771092397,-7.6065280164154e-07,0.00166276808815255,0.000497023353031292,1.91265979563028e-05
"east_of_england","beta19",-0.000151778616718478,9.29686938271549e-06,-1.32896211738592e-06,1.58852602955201e-06,-7.62342208316739e-06,8.77091555171937e-06,3.04498665000388e-07,1.02552414870548e-06,-5.82858864035106e-06,1.22197402518391e-05,-1.2519412318781e-06,1.30757211442303e-06,-8.94681365152224e-06,1.48277694098067e-05,-3.17854327293051e-05,-8.90844303602145e-06,3.71953809221073e-06,-1.09894131375387e-05,1.94831587166908e-06,6.78777598565443e-06,-8.09144476178801e-06,1.49543516156017e-05,-4.01784640389349e-05,5.23496595253217e-06,-3.85482933884994e-06,5.74754646867636e-06,1.91082930185563e-06,-2.06545726123524e-06,1.33705457705433e-06,5.65637442912218e-06,-0.000258628445167008,3.51267312888771e-09,-8.3937048631087e-10,-0.000107003288566164,-0.000154539376707118,-0.000193670449399845,-8.04780251668377e-06,2.82536572877911e-05,-3.79584229901383e-05,-1.38361419119967e-05,4.12968575377488e-05,-2.01616311913271e-05,8.0116658660592e-05,2.39965825878222e-05,0.000150985890350544,-4.02908564462133e-05,-1.43935842437035e-05,-0.000229805324950701,-4.16931509747617e-07,5.76618674764316e-09,0.000133603190044969,-8.78296639956649e-05,-0.000131189669459338,-0.000334713231431954,1.82322421116403e-06,0.00163289502978444,-0.00207332218234145,2.39441861333491e-05
"east_of_england","beta2",-0.000292172700508555,-0.00026205080179901,1.36547084084969e-05,-2.08957522122644e-05,1.08087419379107e-05,-2.44946964512815e-05,2.03331586020601e-05,-1.6883010831736e-05,1.12948109039824e-05,-3.15330667735067e-05,6.49668128744781e-06,-1.02844511851104e-05,4.1338230673412e-05,-3.17854327293051e-05,0.000252040889935199,4.52369165578417e-06,2.31194584447627e-05,-2.49583349046441e-05,1.0332827579479e-05,-2.0038139675643e-05,3.000180653117e-05,-8.51926121197589e-05,0.000404779677306329,-2.56731735474125e-05,1.09256218916597e-05,-2.18443804174912e-05,2.69507875367172e-06,7.47122780045379e-06,-3.80856432822273e-05,2.3522391664672e-05,0.00210115342887702,-6.78755640654074e-09,6.70351160112859e-10,5.76143719731593e-05,0.000300314542830754,0.000813572836833948,0.00011110813773775,-1.10874131930957e-06,0.000302514678608642,4.43313238086923e-05,7.32508286212777e-06,0.000110034197131828,-0.000817004759091796,-3.48529150323449e-05,-4.80818224075623e-05,2.31046510778117e-05,1.42685914211227e-05,0.000632006769946364,1.98489481888741e-06,8.62672463373327e-07,-0.000635451799702716,-0.000893603239323374,-0.000153280482307814,0.00213496523655726,-3.00876406233073e-06,0.00360997782337684,0.00607322776476122,4.26102795374192e-05
"east_of_england","beta20",0.000222104634633546,3.50438106061625e-05,-4.84492433090598e-06,-6.36589546614914e-06,2.68806246423842e-07,-1.6344295451895e-06,-4.45240476734989e-07,7.74188630302941e-07,4.26427510504419e-06,-8.5952692878227e-06,7.26071525719079e-07,3.48210940218426e-07,4.22670767274762e-06,-8.90844303602145e-06,4.52369165578417e-06,1.53215765063997e-05,-1.45493141833196e-05,2.96699739271861e-05,-7.76083606601539e-06,1.86180327398333e-06,1.23433451551972e-06,5.17578654434193e-06,1.54110926921477e-05,-1.61209895825643e-06,2.32878855335757e-06,-2.4468603072801e-06,3.03648887081895e-09,-1.02260686365228e-06,2.79214644866823e-06,-1.23008706979374e-06,-4.32474643129759e-06,-1.71582135594625e-09,8.33704402465159e-10,4.77584681361623e-05,7.08999155450008e-05,2.97515113121039e-05,9.24218706569996e-06,-7.35623375287485e-05,2.80917237311777e-05,4.68386482302125e-06,-5.89646229635337e-05,-5.19688282882562e-06,1.26362479865831e-06,-1.39880475485964e-07,-0.000108452477428466,3.21746301894209e-05,9.15925739583651e-06,8.32283620943307e-05,1.75277153812823e-07,6.65252484551483e-08,5.79548081618303e-06,0.000174376725625621,0.000101454031263941,0.000206546149237403,-1.17656896145751e-06,-0.00344757785090471,-0.00353463584041785,-7.66414250111343e-05
"east_of_england","beta21",-0.000356387335561223,-8.37639595542293e-05,1.15037105428164e-05,7.94261042903667e-06,4.71193411509803e-06,-4.2401493107704e-08,8.33357135187716e-07,-9.97854597691339e-07,-6.34450027740441e-06,6.88038717979275e-06,-2.92456250335694e-07,-8.88950219659883e-07,3.29535270726032e-08,3.71953809221073e-06,2.31194584447627e-05,-1.45493141833196e-05,2.59592944303483e-05,-4.0882435697609e-05,1.75745880110343e-05,-4.21814340681209e-06,6.00695384835975e-06,-1.61216996513819e-05,5.52518923766738e-05,-1.31036865235877e-06,-8.83032912017506e-07,3.44349710830245e-07,1.1417846719913e-07,9.54182154705594e-07,-2.47138449417511e-06,-2.09824776067545e-06,0.000454171075216955,-7.01958073541131e-10,-7.24134422669457e-10,-6.57693212514076e-05,2.63883890757377e-05,0.000183130683278705,-8.0748165252379e-06,0.000124479058792717,3.90333465674657e-05,-5.6548459135985e-06,0.00010004760401636,1.38253373487673e-05,-0.000205788035496529,-5.18047941296565e-06,9.15637600301883e-05,-4.77541623311691e-05,-1.86912653933411e-06,6.29343513796442e-05,1.78378541265705e-07,7.12787573259926e-08,-0.000154770376248428,-0.000227785238695108,-0.000169186657491915,-0.00012720991808621,7.08477836963355e-07,0.00135750639085881,0.00649352522521761,3.51827434900414e-05
"east_of_england","beta22",0.000572139740882827,-6.45928748490463e-05,-8.92524179277852e-06,-6.44206116278181e-06,-1.02997002285239e-05,1.14489796563541e-05,-9.52667893149962e-06,1.14428139260978e-05,2.84364902200859e-06,-1.68945340792916e-05,2.3131939866259e-06,1.40487206877255e-06,1.58184215541086e-06,-1.09894131375387e-05,-2.49583349046441e-05,2.96699739271861e-05,-4.0882435697609e-05,0.000145030281552573,-6.97762858938874e-05,1.0426542852719e-05,1.10395054580178e-05,2.10687959643932e-05,-4.97749344022673e-05,-1.80555683067366e-06,8.7512528663633e-06,-1.13242308761605e-05,4.33827112484484e-06,-6.72341695919743e-06,1.81645188227077e-05,-8.63783004947817e-07,-0.000233767401937723,-3.88246625592187e-09,2.45381730535266e-09,0.000131779374787062,-3.00914690526061e-05,0.000137136638762094,-4.36418652666718e-05,-3.14117760762779e-05,3.3259660954718e-05,-4.49488856323954e-06,-0.00018538872054761,-2.1816693699694e-05,6.01368048238436e-05,-1.03580460560192e-05,-0.000309357353129776,7.81291854170315e-05,4.4697153818111e-07,0.000316160340665223,3.43367339048652e-07,5.63329223681853e-08,-0.000583032078134224,-0.000222416721172181,0.000145365352505761,0.000298063046720645,-6.1849632209293e-06,-0.0127807996363468,-0.00516935242921546,-0.000228623031108188
"east_of_england","beta23",-0.000645090753231886,7.21265483026523e-05,1.24463270964135e-05,1.03083664573805e-05,3.6402229330357e-06,-3.6735015512455e-06,7.5666142365485e-06,-7.79834493742031e-06,-8.21386589459553e-06,2.65293632318691e-05,-3.96390826834846e-06,3.68093495454822e-06,-5.8879082960255e-06,1.94831587166908e-06,1.0332827579479e-05,-7.76083606601539e-06,1.75745880110343e-05,-6.97762858938874e-05,8.99089839659806e-05,-2.62375242230123e-05,1.24139466513993e-05,-1.05046322990303e-05,-2.40249707380245e-05,-3.89973471163282e-06,3.06404683690157e-06,-1.12571822153041e-06,-1.31101566155752e-06,-3.90034273426294e-06,8.87088142731928e-06,-3.05261170642643e-06,0.000715041868810021,-4.56555397661096e-09,7.31920841798959e-10,-0.000149173731719869,1.65963434759693e-06,-3.36705587292756e-05,3.92964413639798e-05,-4.90982889925263e-05,-1.85287117344125e-05,-2.35797025311604e-05,0.000184400034685856,-4.4095118627491e-05,-0.0001406711184239,-1.71821345732334e-05,0.000168571070975426,-1.83796950895058e-05,3.18326742249909e-05,0.000129148993035219,-3.79023529521759e-07,-7.16258811532065e-07,0.000277553232815476,0.000720510396188311,-3.22363782849366e-05,-0.000923130191071853,1.85823370803162e-06,-0.00206773921186506,0.00622830402493796,1.99118087920694e-05
"east_of_england","beta24",0.000148011478110043,-2.97013514166602e-06,-6.33870133047242e-06,-5.73935559785636e-06,-7.08128010457652e-06,1.05276249926509e-05,-3.58835694481639e-06,4.61932031768631e-06,-1.51270781352976e-06,-4.93556053048747e-06,1.19278672902847e-06,-8.23988179848322e-07,-5.24933329330769e-07,6.78777598565443e-06,-2.0038139675643e-05,1.86180327398333e-06,-4.21814340681209e-06,1.0426542852719e-05,-2.62375242230123e-05,2.29957950598817e-05,-1.77578478093579e-05,1.84588853157413e-05,2.78885800437224e-05,6.35966984497197e-06,-5.65105298691817e-06,6.51871044192922e-06,2.35341730283198e-06,-9.99752156871569e-07,-1.59793180477724e-06,4.35874200979794e-06,-0.000391723925732358,3.8022869382127e-09,-1.16277492047746e-09,-4.10874536958879e-05,-4.14386592979658e-05,-0.000112227222052557,-4.84253988751919e-05,2.35066436489038e-05,1.5849526582513e-05,3.50454112047946e-08,-1.08615142558883e-05,1.24871673312498e-05,7.54138535381447e-05,4.64931724097919e-05,3.42358275391235e-05,-5.24624889528558e-05,-1.96199329366032e-05,-0.000308960073895893,-2.18802471897404e-07,4.55915186335133e-07,8.92532971256984e-05,-0.000258139935029428,-4.97966715379515e-05,0.00019548378235392,1.67199513037882e-06,0.000351704705696903,-0.00541468101876634,-3.89445758149381e-05
"east_of_england","beta25",-0.000175023414762404,-7.49840550618313e-05,9.00290209371176e-06,3.1804788669971e-06,2.76761396131607e-06,-4.6324363872408e-06,2.211781656435e-06,-2.25696229391358e-06,-1.28235389710312e-06,3.61738370467894e-06,-7.77474534314112e-07,5.57401877350106e-07,3.28146491635693e-06,-8.09144476178801e-06,3.000180653117e-05,1.23433451551972e-06,6.00695384835975e-06,1.10395054580178e-05,1.24139466513993e-05,-1.77578478093579e-05,2.5464875597793e-05,-2.03617428265763e-05,-2.23324911876195e-06,-7.34884247605432e-06,6.37454135329379e-06,-8.3914533357879e-06,5.83162225926428e-07,-5.71382226034026e-07,-1.70203704340291e-07,1.95373169009374e-06,0.000742072312976465,-5.66806080306858e-09,2.00797446923816e-09,-1.36275350528329e-05,5.33917471507204e-06,0.000235698746089696,3.22502298163649e-05,9.35656152766109e-06,-1.53781254309956e-05,-5.13865830617305e-06,-1.21158951439935e-05,-7.77924014833952e-06,-0.000232772959159444,-3.69415159612654e-05,-1.73324082559501e-05,4.98925805190078e-05,1.1820785114631e-05,0.000428111375903214,6.34314867748231e-07,-1.94671432116994e-07,-0.00033461560978187,-8.67112630570621e-05,-5.384176872126e-05,-0.000161665720038222,-3.01791689259047e-06,-0.00556655375007764,0.0047205488992655,-3.20666388815724e-05
"east_of_england","beta26",0.00020502807109671,0.000121568056675493,-1.79804438290548e-05,-1.74798145348796e-07,-1.05799377029109e-05,1.14601983091794e-05,-2.77252877588345e-06,2.05389477060332e-06,3.16192653710484e-06,1.02573750590511e-05,-2.04668869911267e-06,5.12380743478502e-06,-1.45545924158526e-05,1.49543516156017e-05,-8.51926121197589e-05,5.17578654434193e-06,-1.61216996513819e-05,2.10687959643932e-05,-1.05046322990303e-05,1.84588853157413e-05,-2.03617428265763e-05,6.61437360424945e-05,-0.000188477727305654,1.22068275559035e-05,-7.28831041891795e-06,1.2159655807645e-05,3.61466388327854e-06,-4.12947006500074e-06,8.12214808646555e-06,2.16412212576397e-06,-0.000847104239470217,3.69156909648311e-09,3.74429227481475e-10,-0.000120978652393109,-0.000339750665834464,-0.000465900409167032,-9.08283091599927e-05,-0.000110780368182553,-0.000136522820702786,-1.49077497740372e-05,-5.3204135513813e-05,-7.02400684895882e-05,0.000403789025921151,5.34970484401374e-05,0.000172116307477053,-4.59503294805751e-05,-1.89263431322296e-05,-0.000474280763230681,-8.20268925095021e-07,1.23583680498917e-07,0.000445440116402831,0.000235327666585994,-3.1690026207748e-05,-0.000608389266895429,2.57620355338408e-06,-0.00333107482101944,-0.00754882121542634,-5.11048667470383e-05
"east_of_england","beta27",-0.000424003765140821,-0.00044531895183049,4.42698850714795e-05,-5.01381861094417e-05,2.52832495369676e-05,-6.19928911831996e-06,1.86835480802896e-05,-5.13932807483632e-06,-2.22550914838492e-05,-8.25456559948975e-05,1.84782972825048e-05,-2.92166569032952e-05,7.04180404597463e-05,-4.01784640389349e-05,0.000404779677306329,1.54110926921477e-05,5.52518923766738e-05,-4.97749344022673e-05,-2.40249707380245e-05,2.78885800437224e-05,-2.23324911876195e-06,-0.000188477727305654,0.00159006249773884,-3.06494624096624e-05,3.91290005828873e-06,-2.29301527413715e-05,-6.90581370097903e-06,8.57225130465021e-06,-3.13681560176342e-05,-4.83584979562942e-06,0.00327951100576156,1.17875493264277e-08,-1.18629492601283e-08,-5.99092696890057e-05,0.00159316900879533,0.00211974093213749,0.000339524035088678,0.00065445853779793,0.00138942194371878,4.49829166736748e-05,0.00021582611540572,0.000336931111696268,-0.00219272932346826,-2.60669419955111e-05,-0.000484231812568062,-1.9219725803558e-05,4.3172033004297e-05,0.000547034332613533,2.52992124626646e-06,2.89361063128027e-06,-0.00116539900109834,-0.00123080348504544,-0.000450575911201469,0.00504925250293286,-1.76480367745059e-06,0.0184374566432766,-0.00025522933036829,-0.000233778909461383
"east_of_england","beta3",6.02883335595309e-05,3.78946855975293e-05,-2.65734578093413e-06,2.25241535392363e-07,-1.41541382017404e-06,4.35621203399322e-06,-2.890456246593e-06,2.19204517379544e-06,-2.34068350479996e-06,2.71899775036223e-06,-6.74037503217073e-07,8.26269809861807e-07,-4.60111769106583e-06,5.23496595253217e-06,-2.56731735474125e-05,-1.61209895825643e-06,-1.31036865235877e-06,-1.80555683067366e-06,-3.89973471163282e-06,6.35966984497197e-06,-7.34884247605432e-06,1.22068275559035e-05,-3.06494624096624e-05,4.84786525329037e-06,-3.90452979722628e-06,5.11870567673513e-06,-3.11633281145667e-08,-1.2190505766661e-06,3.5288577205246e-06,-3.08654413936106e-06,-0.000213223964690982,1.96504536862807e-09,-5.26891780253487e-10,-3.62406820035783e-05,-3.53864133124076e-05,-9.27195531729949e-05,-2.74547785641052e-05,-1.57147503932863e-07,-1.9790508584595e-05,-6.84622527589089e-06,1.40100712649188e-05,-6.42376229900618e-06,0.000103191702606834,1.74862845230019e-05,4.67160890585215e-05,-1.58197148211414e-05,-4.73295450136749e-06,-0.000172060317310168,-4.22394022684904e-07,6.0013804999406e-08,0.000191637479013747,0.000127867741247815,7.55434717444663e-06,-0.000220841264052761,1.24854493704418e-06,-0.000172633919768153,-0.00171219240833412,-1.17972984770164e-05
"east_of_england","beta4",-4.9617992658201e-05,-2.10093540251832e-05,2.1361146206375e-06,3.39945938228499e-06,1.0394767058236e-06,-1.87271824177228e-06,5.37407336080239e-07,2.00241757715699e-07,1.15659503938174e-06,-4.11901059901903e-08,3.21816798557534e-07,5.71504604735187e-07,1.98908507976855e-06,-3.85482933884994e-06,1.09256218916597e-05,2.32878855335757e-06,-8.83032912017506e-07,8.7512528663633e-06,3.06404683690157e-06,-5.65105298691817e-06,6.37454135329379e-06,-7.28831041891795e-06,3.91290005828873e-06,-3.90452979722628e-06,5.55408549565806e-06,-5.83441074238764e-06,-2.92348182162498e-07,3.23111391173827e-07,2.24070230719278e-06,-1.83150018129547e-08,5.4053422713247e-05,-2.65910408855795e-09,5.38805533519993e-10,6.67427504193615e-05,2.3227298227922e-05,4.09718550315597e-05,1.16065980094619e-05,5.70629414325776e-06,1.16076746162646e-05,4.99081859938791e-06,1.88233958660574e-05,-1.1216199877447e-05,-5.11799857834683e-05,-1.62741199675518e-05,-7.85870403476301e-05,1.38298583260668e-05,5.65101469705884e-06,0.000171816514999048,3.30802350207186e-07,-1.65943523236487e-07,-0.000210178545751415,-3.94879293605525e-05,1.74514729639043e-05,0.000105323385838856,-1.55297625432442e-06,-3.29622867298809e-05,0.00270862397119833,4.15840234732381e-06
"east_of_england","beta5",5.26876672224684e-05,5.91229566415796e-05,-3.54127526555713e-06,-1.56763246719591e-06,-1.08538795302463e-06,3.07053630509866e-06,-1.49757541861287e-06,1.22748146367338e-06,-2.59232278736636e-06,3.16733993165819e-06,-6.82613719107138e-07,3.61735226084524e-07,-3.93718382854802e-06,5.74754646867636e-06,-2.18443804174912e-05,-2.4468603072801e-06,3.44349710830245e-07,-1.13242308761605e-05,-1.12571822153041e-06,6.51871044192922e-06,-8.3914533357879e-06,1.2159655807645e-05,-2.29301527413715e-05,5.11870567673513e-06,-5.83441074238764e-06,8.02276936090207e-06,-1.07171762027801e-06,3.56261575760849e-07,-1.99703000896439e-07,-1.9164388740849e-06,-0.000214541469184816,3.01897444453541e-09,-5.86428762026281e-10,-4.95786313396731e-05,-2.45016191500022e-05,-0.000131943464216612,-4.74743211334373e-06,-9.71240255808636e-06,-3.46061056742649e-05,-5.73515936401356e-06,1.11959966336393e-05,-8.01929317277994e-06,9.74879404145107e-05,2.07334811166188e-05,7.47030618646672e-05,-1.55318635629229e-05,-6.73213659887617e-06,-0.000229980409948446,-4.24215830708073e-07,1.27122340844732e-07,0.000313850079882312,0.000181371029431306,-1.1492052216864e-05,-0.000225280649505367,1.99712917388921e-06,0.00058048289352553,-0.00274146000199792,1.80000030367515e-06
"east_of_england","beta6",-6.68380948735349e-05,-6.11221403622e-05,1.13057746579026e-06,-3.8840144126842e-06,-5.91244567175514e-06,4.00130543588884e-06,2.06761797703816e-06,-1.64509100010358e-06,-1.19641816057147e-07,1.7936053728438e-06,-3.30855143602817e-07,6.38691719354186e-08,-1.76592073293646e-07,1.91082930185563e-06,2.69507875367172e-06,3.03648887081895e-09,1.1417846719913e-07,4.33827112484484e-06,-1.31101566155752e-06,2.35341730283198e-06,5.83162225926428e-07,3.61466388327854e-06,-6.90581370097903e-06,-3.11633281145667e-08,-2.92348182162498e-07,-1.07171762027801e-06,5.42159085692894e-06,-5.02617535651389e-06,-1.16065597784539e-06,9.84770419587293e-06,0.000123595214760781,-3.55715369567764e-10,3.93254061945472e-10,-9.66052677181708e-05,-0.000111291282889184,4.84220794489769e-05,-1.30672238151298e-05,3.02282684032164e-08,9.9380655431926e-06,-6.7200036034237e-06,-2.24153028611028e-05,1.01484218502145e-05,-3.5703765255143e-05,1.92708013362242e-05,9.55649430062095e-05,-2.68560596154823e-05,-2.88925014959949e-06,-1.61926981018281e-05,2.2786430557136e-08,4.97715405311378e-08,-0.000103511341092449,-0.000315613503386763,-8.50671682259975e-05,-1.29662407353916e-05,-1.13567929149443e-07,-0.00251751080008148,-0.00237797997992486,-2.14168935224922e-05
"east_of_england","beta7",9.11158739283294e-05,3.72519572255447e-05,-4.25241548415436e-06,2.83484656132661e-06,7.34473703863922e-06,-1.03311022888093e-05,2.1996090667584e-06,-1.26839338817098e-06,6.14950460856913e-06,-7.35206164074077e-06,1.65805459505094e-06,-1.06526700263367e-06,4.22688396353576e-06,-2.06545726123524e-06,7.47122780045379e-06,-1.02260686365228e-06,9.54182154705594e-07,-6.72341695919743e-06,-3.90034273426294e-06,-9.99752156871569e-07,-5.71382226034026e-07,-4.12947006500074e-06,8.57225130465021e-06,-1.2190505766661e-06,3.23111391173827e-07,3.56261575760849e-07,-5.02617535651389e-06,1.02454495001197e-05,-9.52469039498628e-06,-5.6297402610095e-06,-0.000147618468961029,9.0321227397325e-10,-3.42362397004949e-10,0.000133383117260759,7.20767845309991e-05,-6.4680971433856e-05,6.91014758793642e-06,-3.64445623816354e-05,-5.04940186337682e-05,1.71443087383082e-05,-1.61998108000077e-05,-7.50509461046624e-06,1.94285213185473e-05,-2.66739293990678e-05,-9.73071676306812e-05,1.81267327557077e-05,-8.97310066965075e-06,2.61142428205496e-05,4.51351573285789e-07,1.56134506962051e-07,6.45685737536369e-05,3.67237217301423e-05,2.20451154993883e-05,0.000311980856141469,9.78741008687004e-08,0.00518571734797741,0.00216636718903303,6.950297137672e-05
"east_of_england","beta8",-7.62038607450947e-05,6.74548432360922e-05,7.96112279895598e-06,1.42129039847274e-05,4.2573179781792e-06,1.2180043780649e-05,-1.29524633878808e-05,1.20902937173781e-05,-1.54906110291719e-05,1.11737412772821e-05,-2.27698954032307e-06,4.39577344978652e-06,-1.03728821746943e-05,1.33705457705433e-06,-3.80856432822273e-05,2.79214644866823e-06,-2.47138449417511e-06,1.81645188227077e-05,8.87088142731928e-06,-1.59793180477724e-06,-1.70203704340291e-07,8.12214808646555e-06,-3.13681560176342e-05,3.5288577205246e-06,2.24070230719278e-06,-1.99703000896439e-07,-1.16065597784539e-06,-9.52469039498628e-06,3.55528618859267e-05,-2.69162032978729e-05,-0.00013658186310164,-1.41808150177376e-09,-5.8401549269519e-10,3.60950786792834e-05,0.000180092480618114,5.60632768856951e-05,-3.28153395465048e-05,6.64204460987992e-05,6.90250751652215e-05,-3.06642720476843e-05,0.000191415434217493,-3.77796861258127e-05,4.59694871039027e-05,1.0480283211783e-05,-0.000148815857930277,-1.70224702059633e-05,2.47803201032638e-05,-1.75303884810998e-06,-9.37660462508161e-07,-4.60747058574727e-07,4.80908791460584e-05,0.000776538895512662,0.000138999233986249,-0.000733517277039816,-2.34334128153067e-07,-0.00507181799729918,0.00589899141471103,-0.000110255519889932
"east_of_england","beta9",-0.000186229610546574,-0.000158879633829837,-2.7986975140799e-06,-1.82705650487501e-05,-2.75527825463768e-05,1.19802933607177e-05,1.16944186206824e-05,-1.09591195350558e-05,6.91439173623234e-06,6.22126217577128e-06,-2.58390864984508e-07,-2.6453677162046e-06,3.90860225223304e-06,5.65637442912218e-06,2.3522391664672e-05,-1.23008706979374e-06,-2.09824776067545e-06,-8.63783004947817e-07,-3.05261170642643e-06,4.35874200979794e-06,1.95373169009374e-06,2.16412212576397e-06,-4.83584979562942e-06,-3.08654413936106e-06,-1.83150018129547e-08,-1.9164388740849e-06,9.84770419587293e-06,-5.6297402610095e-06,-2.69162032978729e-05,5.27630955862772e-05,0.000348485264613318,-2.25143002504464e-10,1.60577094839859e-09,-0.000269835897024385,-0.000440811600081258,-0.00015817703673719,4.84376945607692e-05,-3.11775221855405e-07,-3.0019034602743e-05,3.8255122498724e-06,-0.000192934066036439,2.62745266497926e-05,-0.000106042522789481,4.12959679606014e-05,0.000353976830741085,-4.89278027716039e-06,-2.09142120402186e-05,-1.90215247517374e-05,6.48669408751657e-07,1.72005368940841e-07,-0.000329969275782365,-0.00115713048179496,-0.000270164525758767,0.000223626682530205,-6.69010442025267e-07,-0.00300992086299326,-0.0100048118753324,2.77737008470302e-05
"east_of_england","eps",-0.014452787781117,-0.00465701969392999,0.000502290642240038,-0.000147991930173914,-0.000167221328197243,0.000185934464951266,0.000136133831360051,-0.000241046833958812,-7.836484799971e-05,9.64320501452931e-05,-2.44139007632728e-05,-6.87814487534709e-05,0.000191828104081855,-0.000258628445167008,0.00210115342887702,-4.32474643129759e-06,0.000454171075216955,-0.000233767401937723,0.000715041868810021,-0.000391723925732358,0.000742072312976465,-0.000847104239470217,0.00327951100576156,-0.000213223964690982,5.4053422713247e-05,-0.000214541469184816,0.000123595214760781,-0.000147618468961029,-0.00013658186310164,0.000348485264613318,0.0705080312506855,-1.32756871465403e-07,3.52538751551033e-08,-0.00696018397773035,-0.000673345833081761,0.01307353822956,0.000275718128343717,0.00149077405995814,0.00358090519136045,-0.000999003654217306,-0.000453818456694724,0.000558797263213686,-0.0121890658179083,-0.000463724353136315,0.00478250363689408,0.00181624389642096,0.000611361969364199,0.0144587302630524,1.07893970977097e-06,-2.47218193885113e-06,-0.010151930901049,-0.0050102918539513,-0.00330657268968244,-0.00511999109169064,-4.52973456724324e-05,-0.324407007912571,0.100392566626794,-0.00358225828940095
